1.000000000 0.000000000 0.000000000 0.000000000 0.000000000 1.000000000 0.000000000 0.000000000 0.00000000
0.999997735 -0.000966115 0.001898961 -0.000003051 0.000966484 0.999999523 -0.000193486 -0.000008672 -0.00189877
0.999993324 0.000397745 0.003628592 -0.000015163 -0.000391796 0.999998569 -0.001640151 -0.000001692 -0.00362923
0.999989867 0.002256802 0.003908762 -0.000001312 -0.002254785 0.999997318 -0.000520197 -0.000009309 -0.00390992
0.999994934 -0.001855241 0.002590189 -0.000005869 0.001856287 0.999998212 -0.000401538 0.000005909 -0.00258943
0.999992192 0.003728372 0.001322563 0.000011132 -0.003724917 0.999989748 -0.002605198 0.000044693 -0.00133226
0.999994993 0.000713735 0.003105584 0.000004934 -0.000717628 0.999999106 0.001252294 -0.000012330 -0.003104687 
0.999997735 -0.000035289 0.002142942 0.000007013 0.000039991 0.999997675 -0.002194413 -0.000003089 -0.00214285
0.999981463 -0.004518230 0.004068969 -0.000014885 0.004523236 0.999989033 -0.001222162 -0.000000897 -0.00406339
0.999996722 -0.001545853 0.001973081 0.000019043 0.001541005 0.999995828 0.002457291 -0.000014295 -0.001976868 
0.999984205 0.003147235 0.004611287 0.000003114 -0.003162317 0.999989808 0.003267165 -0.000001790 -0.004600957 
0.999989092 -0.003552932 0.002951095 -0.000002920 0.003548175 0.999992549 0.001615921 -0.000003350 -0.002956815 
0.999995887 -0.000807495 0.002641529 0.000009654 0.000812061 0.999998271 -0.001727029 -0.000001734 -0.00264013
0.999994218 -0.001857284 0.002774093 0.000009080 0.001857183 0.999998391 0.000040156 -0.000012012 -0.002774160 
0.999924660 0.007512232 0.009708710 -0.000041747 -0.007497088 0.999970675 -0.001595238 -0.000000671 -0.00972040
0.999996603 0.000336414 0.002600651 0.000013695 -0.000337195 0.999999821 0.000299458 -0.000006843 -0.002600551 
0.999992132 -0.000290415 0.003972806 -0.000001452 0.000289788 0.999999821 0.000158418 -0.000006297 -0.003972858 
0.999995232 0.000259123 0.003067095 -0.000002696 -0.000251671 0.999996960 -0.002430062 0.000002623 -0.00306771
0.999989390 0.001338343 0.004393909 -0.000016972 -0.001341947 0.999998868 0.000817064 -0.000002195 -0.004392803 
0.999990940 -0.003228671 0.002765801 -0.000005895 0.003225615 0.999994278 0.001108848 -0.000010627 -0.002769366 
0.999979734 0.002232980 0.005958751 -0.000047999 -0.002233867 0.999997497 0.000142204 -0.000006608 -0.005958408 
0.999997735 -0.000007103 0.002103388 0.000010047 0.000005943 0.999999821 0.000551628 -0.000010146 -0.002103366 
0.999997616 0.000633137 0.002072647 0.000014808 -0.000632594 0.999999762 -0.000262643 -0.000002746 -0.00207278
0.999996960 -0.000024412 0.002474770 -0.000001167 0.000026042 0.999999821 -0.000658519 0.000000238 -0.00247472
0.999996722 0.000252057 0.002569318 0.000003370 -0.000251229 0.999999940 -0.000322565 0.000000941 -0.00256937
0.999972403 -0.006821625 0.002984978 -0.000022692 0.006816994 0.999975562 0.001559191 -0.000006306 -0.002995536 
0.999997497 -0.001234505 0.001936197 0.000001854 0.001230728 0.999997437 0.001950574 -0.000006005 -0.001938596 
0.999996483 -0.000986152 0.002542697 -0.000000326 0.000984619 0.999999404 0.000603799 0.000000755 -0.002543285 
0.999994457 0.003013250 0.001441710 0.000024362 -0.003010067 0.999992967 -0.002206007 0.000014984 -0.00144835
0.999995530 -0.001924054 0.002295688 0.000011820 0.001923791 0.999997973 0.000116470 -0.000011316 -0.002295919 
0.999996603 0.001510292 0.002179302 0.000011850 -0.001510891 0.999998689 0.000272888 -0.000001406 -0.002178878 
0.999989867 0.000433012 0.004481636 -0.000019411 -0.000429719 0.999999464 -0.000735837 0.000004901 -0.00448196
0.999999642 0.000805016 0.000376798 0.000022510 -0.000804972 0.999999464 -0.000118512 -0.000000708 -0.00037691
0.999993861 -0.003500112 -0.000046924 0.000024781 0.003500149 0.999993324 0.000835772 -0.000023617 0.000044003 
0.999971747 0.004711481 0.005839542 -0.000053831 -0.004711523 0.999988735 -0.000006451 0.000023986 -0.005839519 -0.00002106
0.999997437 0.000857011 0.002074420 0.000008368 -0.000858562 0.999999225 0.000747880 -0.000006427 -0.002073802 
0.999999821 -0.000441344 0.000033155 0.000013251 0.000441316 0.999999404 0.000847380 -0.000002300 -0.000033557 
0.999992788 -0.001872822 0.003320880 -0.000002505 0.001874628 0.999997973 -0.000541021 -0.000000104 -0.00331986
0.999997973 -0.000908781 0.001845390 -0.000002455 0.000908040 0.999999523 0.000402125 -0.000002946 -0.001845755 
0.999996603 0.001220251 0.002295144 0.000006147 -0.001219457 0.999999225 -0.000347642 -0.000003335 -0.00229553
0.999988973 -0.004219277 0.002091691 -0.000002578 0.004220418 0.999990940 -0.000542098 -0.000001500 -0.00208938
0.999989629 0.002059491 0.004098713 -0.000008035 -0.002055696 0.999997437 -0.000929625 -0.000001311 -0.00410065
0.999998093 0.000375787 0.001971610 0.000004586 -0.000377764 0.999999464 0.001004200 -0.000006525 -0.001971260 
0.999997258 0.000142563 0.002389908 0.000004470 -0.000141063 0.999999881 -0.000627403 -0.000000510 -0.00239001
0.999995172 -0.000048850 0.003148831 -0.000004811 0.000049693 1.000000119 -0.000266898 -0.000001342 -0.00314883
0.999999404 -0.000831878 0.000755161 0.000002323 0.000830868 0.999998868 0.001335078 -0.000005853 -0.000756279 
0.999994516 0.001122455 0.003155574 0.000001480 -0.001122311 0.999999404 -0.000048246 -0.000004007 -0.00315560
0.999998391 0.001582398 0.001083359 0.000001304 -0.001581318 0.999998271 -0.000997719 0.000006123 -0.00108487
0.999978840 -0.003818052 0.005291700 -0.000008368 0.003823085 0.999992192 -0.000941358 -0.000013922 -0.00528806
0.999996841 0.001786622 0.001723543 0.000007198 -0.001784648 0.999997616 -0.001146487 -0.000006103 -0.00172561
0.999996006 0.001563680 0.002367571 0.000004857 -0.001560235 0.999997556 -0.001456754 -0.000003515 -0.00236983
0.999999285 -0.001135448 0.000534847 0.000005203 0.001135964 0.999998808 -0.000967688 0.000001630 -0.00053381
0.999993205 0.003286251 0.001732782 -0.000007056 -0.003285124 0.999994338 -0.000653079 -0.000003899 -0.00173495
0.999998331 0.001789983 0.000462011 0.000013712 -0.001790452 0.999997795 0.001017097 -0.000002955 -0.000460193 
0.999988317 -0.004275616 0.002227500 -0.000018124 0.004272527 0.999989808 0.001389601 0.000004307 -0.002233475 
0.999995351 0.001905776 0.002361357 -0.000010960 -0.001908534 0.999997437 0.001166197 -0.000004235 -0.002359197 
0.999996722 0.002379072 -0.000753626 0.000001673 -0.002380566 0.999995172 -0.001988980 0.000016507 0.00074888
0.999999762 -0.000556667 0.000155672 0.000006342 0.000556778 0.999999642 -0.000713368 -0.000006465 -0.00015530
0.999999881 0.000039614 0.000410020 0.000006900 -0.000039837 0.999999881 0.000545424 -0.000001524 -0.000409991 
0.999999285 -0.001140690 -0.000089601 0.000007106 0.001140825 0.999998212 0.001511719 -0.000010395 0.000087872 
0.999998391 0.001112613 0.001359776 -0.000000664 -0.001112584 0.999999404 -0.000022523 0.000002759 -0.00135977
0.999997497 0.000729819 -0.002065644 0.000022510 -0.000728920 0.999999702 0.000436101 -0.000000221 0.002065971 
0.999999046 -0.000359556 0.001331314 -0.000011516 0.000360456 0.999999940 -0.000676156 -0.000000613 -0.00133107
0.999985337 -0.005288749 0.001184672 -0.000028149 0.005290446 0.999985099 -0.001433507 0.000005901 -0.00117708
0.999999702 -0.000753440 0.000060499 0.000000745 0.000753433 0.999999702 0.000104656 -0.000003438 -0.000060543 
0.999999583 0.000469608 -0.000737727 -0.000001083 -0.000469441 0.999999940 0.000225903 -0.000001914 0.000737861 
0.999996841 -0.002293825 -0.001086935 0.000002473 0.002293166 0.999997199 -0.000607275 -0.000002666 0.00108835
0.999997854 0.002093197 0.000130638 -0.000004237 -0.002093003 0.999996603 -0.001465201 0.000001242 -0.00013370
0.999999523 0.000614634 -0.000748828 0.000000950 -0.000615753 0.999998629 -0.001495500 -0.000002493 0.00074784
0.999997556 -0.001981856 0.001004636 -0.000006595 0.001984163 0.999995351 -0.002300310 0.000000009 -0.00100009
0.999995649 0.002350489 0.001833320 -0.000006351 -0.002350831 0.999997139 0.000184447 0.000000746 -0.001832858 
0.999939084 0.010903040 -0.001828238 0.000017437 -0.010898138 0.999936938 0.002670856 -0.000011384 0.001857221 
0.999999523 0.001082453 0.000163272 -0.000002088 -0.001082680 0.999998391 0.001405445 -0.000001068 -0.000161752 
0.999999046 0.000407071 -0.001291975 0.000001360 -0.000402968 0.999994874 0.003174207 -0.000004648 0.001293257 
0.999997675 0.002161404 0.000408784 -0.000003065 -0.002161433 0.999997497 0.000079610 0.000000357 -0.000408635 
0.999997437 0.002207862 0.000552744 -0.000003621 -0.002207879 0.999997377 0.000032712 -0.000000917 -0.000552624 
0.999998927 0.001381438 -0.000534341 -0.000000378 -0.001381295 0.999998868 0.000266909 0.000001489 0.000534758 
0.999999821 -0.000340233 -0.000554979 0.000007525 0.000340518 0.999999762 0.000512075 0.000001300 0.000554785 
0.999999404 0.001064040 -0.000343129 0.000002085 -0.001063233 0.999996662 0.002346426 -0.000002342 0.000345618 
0.999997318 -0.001910211 -0.001303494 0.000000802 0.001911950 0.999997258 0.001336798 -0.000002445 0.001300946 
0.999999225 0.001101924 0.000294164 -0.000006803 -0.001102051 0.999999404 0.000409943 -0.000003172 -0.000293672 
0.999993145 -0.003585187 0.000807717 -0.000004787 0.003585635 0.999993443 -0.000557838 0.000002066 -0.00080570
0.999999106 0.000954631 -0.000894204 0.000000521 -0.000955328 0.999999225 -0.000777434 0.000001584 0.00089347
0.999999404 -0.000789993 -0.000596508 0.000003244 0.000789078 0.999998510 -0.001527891 -0.000000814 0.00059774
0.999997973 0.001095042 -0.001666933 0.000010659 -0.001095041 0.999999404 0.000003149 -0.000004451 0.001666948 
0.999986768 -0.005134677 -0.000241280 -0.000003564 0.005134758 0.999986947 0.000354062 -0.000006480 0.000239477 
0.999994159 0.003414208 0.000160933 -0.000000272 -0.003413981 0.999993324 -0.001402336 0.000005206 -0.00016568
0.999999523 -0.000599577 -0.000620812 0.000002736 0.000600069 0.999999464 0.000795621 -0.000001865 0.000620395 
0.999999523 -0.000507267 0.000860050 -0.000007959 0.000506411 0.999999344 0.000994273 -0.000002114 -0.000860497 
1.000000119 0.000104829 -0.000179559 0.000001090 -0.000104991 0.999999583 -0.000906516 0.000000469 0.00017951
0.999999523 -0.000892287 0.000385538 -0.000007875 0.000892417 0.999999583 -0.000335497 -0.000001052 -0.00038518
0.999999404 0.000717643 -0.000734046 0.000004072 -0.000717643 0.999999702 0.000000675 -0.000002439 0.000734106 
0.999998510 -0.001602799 0.000611439 0.000002723 0.001602240 0.999998331 0.000913025 -0.000001492 -0.000612855 
0.999999940 -0.000347445 -0.000319675 0.000010935 0.000347948 0.999998689 0.001578841 -0.000001345 0.000319153 
0.999996364 -0.002594790 0.000875786 -0.000006192 0.002594352 0.999996483 0.000498567 0.000000931 -0.000877038 
0.999999046 -0.001180140 0.000764370 -0.000003401 0.001178902 0.999997973 0.001617327 -0.000005408 -0.000766233 
0.999999881 0.000494264 0.000307515 0.000010291 -0.000494289 0.999999940 0.000076129 -0.000001094 -0.000307456 
0.999998510 -0.000563097 0.001662090 -0.000004302 0.000562279 0.999999821 0.000492289 -0.000003142 -0.001662329 
0.999999166 -0.000937609 0.000892654 0.000001148 0.000937287 0.999999583 0.000361211 -0.000002674 -0.000892967 
0.999997556 -0.001865950 -0.001224265 0.000007404 0.001867309 0.999997735 0.001110446 -0.000002527 0.001222163 
0.999999940 0.000312921 -0.000275686 0.000007084 -0.000312520 0.999998927 0.001456904 -0.000002120 0.000276148 
0.999999106 -0.001187102 0.000662223 -0.000005679 0.001187441 0.999999225 -0.000512899 -0.000001978 -0.00066159
0.999999642 -0.000846868 0.000330791 -0.000007047 0.000846958 0.999999702 -0.000272500 -0.000002932 -0.00033056
0.999998331 -0.001619782 0.000921384 0.000000956 0.001620140 0.999998748 -0.000387685 0.000005394 -0.00092075
0.999982059 -0.005986997 0.000439137 0.000000855 0.005986501 0.999981582 0.001122633 -0.000000715 -0.000445828 
0.999994636 -0.003026902 -0.001348689 0.000003407 0.003025866 0.999995291 -0.000768742 -0.000001203 0.00135102
0.999987960 0.004431133 0.002138898 -0.000014978 -0.004429731 0.999990046 -0.000660604 -0.000000854 -0.00214175
0.999996603 0.002195593 -0.001450181 0.000001707 -0.002196538 0.999997437 -0.000650090 -0.000006635 0.00144878
